Day fraction since midnight on 	red dye (mg/L)	Run Pump ()	Pump ()
0.642416944	13.76791573	1	1
0.642428536	13.61633682	1	1
0.642440092	13.72490788	1	1
0.642451673	13.75760365	1	1
0.642463258	13.69800282	1	1
0.642474823	13.66642666	1	1
0.642486398	13.78009033	1	1
0.642497978	13.66275215	1	1
0.642509542	13.74571514	1	1
0.64252112	13.60443497	1	1
0.642532683	13.62505817	1	1
0.642544271	13.65777302	1	1
0.642555831	13.78881645	1	1
0.642567404	13.73531342	1	1
0.642578984	13.59959126	1	1
0.64259057	13.68179798	1	1
0.642602139	13.71864796	1	1
0.642613711	13.74530029	1	1
0.642625274	13.57608128	1	1
0.642636863	13.69831657	1	1
0.642648439	13.71810818	1	1
0.642660001	13.70346546	1	1
0.64267159	13.75666237	1	1
0.642683147	13.73452282	1	1
0.64269473	13.61329079	1	1
0.642706294	13.61597347	1	1
0.642717876	13.78231812	1	1
0.642729458	13.69500446	1	1
0.642741026	13.82595348	1	1
0.642752588	13.69976044	1	1
0.64276417	13.74987888	1	1
0.642775752	13.73598671	1	1
pulse			
0.642787318	13.74829388	1	1
0.642798885	13.66994476	1	1
0.642810478	13.7109127	1	1
0.642822036	13.79204082	1	1
0.642833615	13.78705025	1	1
0.642845184	13.54960728	1	1
0.642856759	13.75824261	1	1
0.642868325	13.68288326	1	1
0.6428799	13.75408936	1	1
0.642891489	13.54939461	1	1
0.642903059	13.7907629	1	1
0.642914642	13.69685268	1	1
0.642926198	13.71128845	1	1
0.642937781	13.65875149	1	1
0.642949355	13.66091919	1	1
0.642960926	13.81599808	1	1
0.642972499	13.62922096	1	1
0.642984075	13.64426517	1	1
0.64299564	13.81449413	1	1
0.643007228	13.64657402	1	1
0.643018807	13.7965517	1	1
0.643030374	13.63860416	1	1
0.643041943	13.67800617	1	1
0.643053516	13.70841885	1	1
0.643065093	13.74475098	1	1
0.643076664	13.76184273	1	1
0.643088233	13.92305088	1	1
0.643099823	13.98853779	1	1
0.643111397	13.95349979	1	1
0.643122961	13.87884426	1	1
0.643134542	13.77988529	1	1
0.643146107	13.99326324	1	1
0.643157681	14.04018497	1	1
0.643169264	14.04405308	1	1
0.643180824	14.0989027	1	1
0.643192397	14.59400368	1	1
0.643203974	14.34043407	1	1
0.643215565	14.11776543	1	1
0.643227127	14.16986752	1	1
0.643238707	14.07475185	1	1
0.643250279	14.22225571	1	1
0.643261839	14.18278885	1	1
0.643273424	14.20122814	1	1
0.643284997	13.94322395	1	1
0.643296562	14.10976505	1	1
0.643308143	14.10561371	1	1
0.643319712	14.21229172	1	1
0.643331283	14.46897984	1	1
0.643342857	14.74185562	1	1
0.643354446	14.8226738	1	1
0.643366025	15.24552631	1	1
0.643377586	15.70358562	1	1
0.643389162	15.91536617	1	1
0.643400746	17.28531647	1	1
0.643412316	18.138834	1	1
0.643423874	18.26501083	1	1
0.643435453	18.25640106	1	1
0.643447026	18.21033669	1	1
0.643458618	18.26808548	1	1
0.643470178	18.68009186	1	1
0.643481748	19.93859291	1	1
0.64349334	20.67488289	1	1
0.643504905	21.44456673	1	1
0.643516485	22.42983437	1	1
0.64352805	22.84178734	1	1
0.643539622	22.48454857	1	1
0.643551195	22.18881226	1	1
0.643562768	22.98829269	1	1
0.643574349	23.22170639	1	1
0.643585922	23.56692123	1	1
0.643597505	23.97923088	1	1
0.643609075	24.08826828	1	1
0.643620651	24.76467133	1	1
0.643632225	25.26577187	1	1
0.643643786	25.24540901	1	1
0.643655357	25.06492233	1	1
0.643666944	24.69943047	1	1
0.643678502	25.10268402	1	1
0.643690081	25.92556763	1	1
0.643701658	26.07512856	1	1
0.643713236	26.05235291	1	1
0.643724803	25.81022263	1	1
0.643736371	26.00721169	1	1
0.643747949	25.86229706	1	1
0.643759524	26.64509964	1	1
0.643771107	26.28638649	1	1
0.64378267	26.31611824	1	1
0.643794255	25.81785393	1	1
0.643805829	25.88088226	1	1
0.643817393	26.42684555	1	1
0.643828981	27.03182602	1	1
0.643840541	27.46873283	1	1
0.643852118	27.29030037	1	1
0.643863688	27.07468414	1	1
0.643875274	26.50741768	1	1
0.643886849	26.68857002	1	1
0.643898426	26.71555519	1	1
0.643909984	26.78654671	1	1
0.643921564	27.00594711	1	1
0.643933141	27.0321064	1	1
0.643944711	27.09363174	1	1
0.643956293	27.37444878	1	1
0.643967868	27.68022156	1	1
0.643979442	28.07643318	1	1
0.643991016	28.14983368	1	1
0.644002576	28.29109764	1	1
0.644014161	28.39642906	1	1
0.644025731	28.06183815	1	1
0.644037312	28.35081291	1	1
0.644048866	28.63734627	1	1
0.644060458	29.06026459	1	1
0.644072026	29.69970131	1	1
0.644083599	29.88617897	1	1
0.644095164	30.16963959	1	1
0.644106745	30.35863304	1	1
0.644118309	30.77424049	1	1
0.644129897	30.86166573	1	1
0.644141472	30.91518402	1	1
0.644153046	31.51176453	1	1
0.644164607	32.2401619	1	1
0.644176198	33.11703873	1	1
0.644187762	33.05949402	1	1
0.644199338	33.18715286	1	1
0.644210901	33.0924263	1	1
0.644222481	33.25944138	1	1
0.644234053	32.78312302	1	1
0.644245634	31.80201912	1	1
0.644257204	31.83339882	1	1
0.64426879	31.77092361	1	1
0.644280345	31.03197098	1	1
0.644291924	31.06746483	1	1
0.644303506	31.03304672	1	1
0.644315084	31.38458633	1	1
0.644326661	32.1399765	1	1
0.644338236	32.69438553	1	1
0.644349793	32.54644012	1	1
0.644361382	32.13822174	1	1
0.644372948	32.20957184	1	1
0.644384525	32.47952652	1	1
0.644396097	32.74285507	1	1
0.644407663	33.19862747	1	1
0.644419247	33.34741974	1	1
0.644430816	33.54507065	1	1
0.644442398	33.8312645	1	1
0.644453956	33.60844421	1	1
0.644465535	33.54591751	1	1
0.644477109	33.3663826	1	1
0.644488683	33.29692841	1	1
0.644500271	33.29523468	1	1
0.644511825	33.48310089	1	1
0.644523413	34.00391769	1	1
0.644534983	34.14418411	1	1
0.644546555	34.2433815	1	1
0.64455812	33.92984772	1	1
0.6445697	33.77281952	1	1
0.644581277	33.82476425	1	1
0.644592857	33.89809036	1	1
0.64460442	33.55361176	1	1
0.64461599	33.41175842	1	1
0.644627573	33.37269974	1	1
0.644639148	33.52954865	1	1
0.644650712	33.24860001	1	1
0.644662286	33.59671783	1	1
0.64467386	33.93252945	1	1
0.644685445	33.84786987	1	1
0.644697015	33.54323196	1	1
0.644708596	33.71041107	1	1
0.644720167	34.22441864	1	1
0.644731739	34.34110641	1	1
0.644743312	34.50063324	1	1
0.644754885	34.44130707	1	1
0.644766449	34.23840714	1	1
0.644778032	33.95346451	1	1
0.644789606	33.97838593	1	1
0.644801186	33.97454834	1	1
0.644812764	34.04758835	1	1
0.644824332	34.11069489	1	1
0.644835901	33.89289093	1	1
0.644847469	33.67646408	1	1
0.644859059	33.14984512	1	1
0.644870631	33.15188217	1	1
0.644882198	32.97913742	1	1
0.64489377	33.03893662	1	1
0.644905358	32.8819809	1	1
0.644916926	33.04904938	1	1
0.644928501	33.33420944	1	1
0.644940078	33.38475037	1	1
0.644951652	33.34999847	1	1
0.644963224	33.3120079	1	1
0.644974797	33.48270035	1	1
0.644986365	33.71155167	1	1
0.644997942	33.65014648	1	1
0.645009523	33.84590149	1	1
0.64502109	33.98780823	1	1
0.645032654	33.81937027	1	1
0.645044243	33.53985977	1	1
0.645055807	33.36013031	1	1
0.645067393	33.09551239	1	1
0.645078955	32.90630341	1	1
0.645090535	32.9998436	1	1
0.645102094	32.97439194	1	1
0.645113682	32.59241486	1	1
0.645125245	32.65128326	1	1
0.64513682	33.05976105	1	1
0.645148402	33.34729004	1	1
0.645159981	33.55066299	1	1
0.645171549	33.6710968	1	1
0.64518313	33.78982925	1	1
0.645194695	33.63552475	1	1
0.645206265	33.54243851	1	1
0.645217847	33.68681335	1	1
0.645229419	33.49163437	1	1
0.645240992	33.54957962	1	1
0.645252558	33.45320892	1	1
0.645264145	33.37289047	1	1
0.645275721	33.60614014	1	1
0.645287277	33.45241547	1	1
0.645298864	33.30916977	1	1
0.645310436	33.24582672	1	1
0.645322017	33.07498932	1	1
0.645333591	33.00918579	1	1
0.645345167	32.88188171	1	1
0.645356724	32.57550812	1	1
0.645368306	32.65664291	1	1
0.645379875	32.73213577	1	1
0.64539145	32.73890305	1	1
0.645403036	32.98265839	1	1
0.6454146	33.10935974	1	1
0.645426178	33.23682404	1	1
0.645437743	33.19788361	1	1
0.645449314	33.02754211	1	1
0.6454609	33.20199585	1	1
0.645472463	33.06025696	1	1
0.64548405	32.97756195	1	1
0.645495618	32.99393082	1	1
0.645507188	32.62620544	1	1
0.645518773	32.0676651	1	1
0.645530348	31.76304245	1	1
0.645541919	31.72542572	1	1
0.645553481	31.75042534	1	1
0.645565065	31.75985718	1	1
0.645576642	31.67536163	1	1
0.645588207	31.70773506	1	1
0.645599794	31.42255211	1	1
0.645611357	31.26161194	1	1
0.645622926	31.33286476	1	1
0.645634501	31.26750755	1	1
0.645646078	31.21175575	1	1
0.645657647	31.23502731	1	1
0.645669221	31.22661972	1	1
0.645680801	31.33706665	1	1
0.645692371	31.17462921	1	1
0.645703943	31.10021591	1	1
0.645715528	31.15920448	1	1
0.645727108	31.43502617	1	1
0.645738676	31.4169178	1	1
0.645750243	31.32563972	1	1
0.64576182	31.32623863	1	1
0.645773383	31.02974892	1	1
0.645784973	30.96504974	1	1
0.645796531	30.76608086	1	1
0.645808108	30.37047958	1	1
0.64581968	30.36959648	1	1
0.645831255	30.4122448	1	1
0.645842825	30.20403481	1	1
0.6458544	30.19786835	1	1
0.645865994	30.19847679	1	1
0.645877552	30.02717781	1	1
0.645889128	30.1492672	1	1
0.64590071	30.22819901	1	1
0.645912275	30.281847	1	1
0.645923851	30.20415115	1	1
0.645935435	30.17963409	1	1
0.645947006	30.22139168	1	1
0.645958564	30.0983429	1	1
0.645970146	30.057724	1	1
0.645981723	29.92643738	1	1
0.645993303	29.75823784	1	1
0.646004866	29.74227715	1	1
0.646016455	29.69809914	1	1
0.646028025	29.25558472	1	1
0.646039599	29.16740799	1	1
0.646051158	29.14536667	1	1
0.646062741	29.16221428	1	1
0.646074317	28.94404984	1	1
0.646085878	28.98605919	1	1
0.646097465	28.64487267	1	1
0.646109033	28.60370255	1	1
0.646120601	28.54364967	1	1
0.64613219	28.65471077	1	1
0.646143764	28.92870712	1	1
0.646155326	28.86414528	1	1
0.646166912	28.61380768	1	1
0.646178477	28.72707367	1	1
0.64619006	28.64898109	1	1
0.646201616	28.5028038	1	1
0.646213196	28.36945152	1	1
0.646224776	28.49383545	1	1
0.646236355	28.56373596	1	1
0.646247924	28.33587265	1	1
0.646259503	28.0816288	1	1
0.646271069	28.00844765	1	1
0.646282645	28.10060883	1	1
0.646294215	27.86810112	1	1
0.646305782	27.98288345	1	1
0.646317375	27.94597626	1	1
0.646328942	27.80882072	1	1
0.646340504	27.92188454	1	1
0.646352095	27.67213249	1	1
0.646363656	27.6036129	1	1
0.646375241	27.45263863	1	1
0.646386811	27.41895485	1	1
0.646398375	27.30152512	1	1
0.646409958	27.07323647	1	1
0.646421537	27.21277618	1	1
0.646433115	26.92704582	1	1
0.646444672	26.96681213	1	1
0.646456246	26.76290321	1	1
0.646467825	26.59093094	1	1
0.646479393	26.7264595	1	1
0.646490976	26.58105469	1	1
0.64650255	26.62335396	1	1
0.646514132	26.45157814	1	1
0.646525706	26.42394447	1	1
0.646537283	26.35583496	1	1
0.646548855	26.22149086	1	1
0.646560419	25.97943115	1	1
0.646571986	25.98521614	1	1
0.64658357	25.53925705	1	1
0.646595149	25.80140686	1	1
0.646606708	25.9665432	1	1
0.64661829	26.13895416	1	1
0.64662987	26.1508255	1	1
0.646641435	26.1100235	1	1
0.646653018	26.01166153	1	1
0.646664585	25.89726257	1	1
0.646676164	25.92530251	1	1
0.646687744	25.81622124	1	1
0.646699301	25.89899635	1	1
0.64671088	25.77571106	1	1
0.646722443	25.70321655	1	1
0.646734038	25.5678215	1	1
0.646745604	25.67551613	1	1
0.646757186	25.4959774	1	1
0.646768747	25.56921959	1	1
0.646780333	25.42645073	1	1
0.646791895	25.48689461	1	1
0.64680348	25.58608818	1	1
0.646815045	25.2759285	1	1
0.646826619	25.27310753	1	1
0.646838199	25.05284309	1	1
0.646849756	24.87895775	1	1
0.646861333	24.89066124	1	1
0.646872918	24.90375519	1	1
0.646884488	24.74360657	1	1
0.646896054	25.18514633	1	1
0.646907634	25.21099663	1	1
0.64691921	24.95433426	1	1
0.646930785	25.02113533	1	1
0.646942365	24.93027306	1	1
0.646953932	24.93219757	1	1
0.646965511	24.96344566	1	1
0.646977085	24.78565979	1	1
0.646988647	24.37212372	1	1
0.647000237	24.34130669	1	1
0.647011812	24.28116989	1	1
0.647023385	24.26933098	1	1
0.647034947	24.25554276	1	1
0.647046521	24.40525627	1	1
0.647058101	24.11385345	1	1
0.647069664	23.97613335	1	1
0.647081251	23.78686333	1	1
0.647092827	23.98895264	1	1
0.6471044	23.92451286	1	1
0.647115959	23.76788521	1	1
0.647127544	23.62233543	1	1
0.647139108	23.56601715	1	1
0.647150684	23.84889221	1	1
0.647162272	23.7443676	1	1
0.647173849	23.46281052	1	1
0.647185408	23.57497787	1	1
0.647196994	23.53593063	1	1
0.647208551	23.4774437	1	1
0.647220135	23.61795998	1	1
0.647231716	23.32508469	1	1
0.64724328	23.31803703	1	1
0.647254861	23.33702087	1	1
0.647266422	23.1933651	1	1
0.647277998	23.23380661	1	1
0.647289569	23.08926773	1	1
0.647301157	23.11051178	1	1
0.647312713	23.17837906	1	1
0.647324296	23.18874931	1	1
0.64733588	23.18843269	1	1
0.647347446	23.1985321	1	1
0.647359021	23.16301537	1	1
0.647370598	22.98039246	1	1
0.647382166	22.98681068	1	1
0.647393752	23.05854607	1	1
0.647405309	23.08929253	1	1
0.647416901	23.07785034	1	1
0.647428466	22.69869614	1	1
0.647440045	22.61696625	1	1
0.647451621	22.87309456	1	1
0.647463179	22.76530266	1	1
0.647474757	22.33355331	1	1
0.647486336	22.01041412	1	1
0.647497903	21.93415833	1	1
0.647509491	21.98422623	1	1
0.647521064	22.11333847	1	1
0.647532639	22.20319557	1	1
0.647544211	22.27555275	1	1
0.647555783	21.85402298	1	1
0.647567353	21.79378128	1	1
0.647578919	22.24209404	1	1
0.647590491	22.17634583	1	1
0.647602078	22.3164978	1	1
0.647613638	22.19655991	1	1
0.647625223	22.21591759	1	1
0.647636795	22.01984596	1	1
0.647648373	22.11659813	1	1
0.647659946	22.13638878	1	1
0.647671515	22.05112076	1	1
0.647683095	21.83128929	1	1
0.647694671	21.65877342	1	1
0.647706241	21.43354225	1	1
0.647717805	21.21805382	1	1
0.647729393	21.30278015	1	1
0.647740955	21.28912735	1	1
0.647752532	21.61213112	1	1
0.647764103	21.54670525	1	1
0.647775676	21.55397224	1	1
0.647787247	21.70516968	1	1
0.647798839	21.78557777	1	1
0.647810401	21.75987816	1	1
0.647821986	21.76059723	1	1
0.647833549	21.81689453	1	1
0.647845122	21.7423687	1	1
0.647856701	21.90177536	1	1
0.647868282	21.84989738	1	1
0.64787984	21.70596886	1	1
0.647891424	21.4877491	1	1
0.647902999	21.20793533	1	1
0.647914569	21.23940659	1	1
0.647926138	21.10467911	1	1
0.647937719	21.10510445	1	1
0.647949292	21.28645897	1	1
0.647960865	21.20046043	1	1
0.64797245	20.87327194	1	1
0.647984021	20.92012978	1	1
0.647995579	20.99893951	1	1
0.648007156	21.08142281	1	1
0.648018732	21.06602669	1	1
0.648030301	21.09708405	1	1
0.648041885	21.09335136	1	1
0.648053464	21.10500526	1	1
0.648065026	20.96005249	1	1
0.648076607	20.83636475	1	1
0.648088173	20.84480476	1	1
0.648099745	20.90116692	1	1
0.648111329	20.74317169	1	1
0.648122893	20.69741821	1	1
0.648134482	20.33483505	1	1
0.648146043	20.54613876	1	1
0.648157624	20.41059875	1	1
