Day fraction since midnight on 	red dye (mg/L)	Run Pump ()	Pump ()
0.601283271	6.027574539	1	1
0.601364296	6.154402256	1	1
0.601375862	6.133975029	1	1
0.601387431	6.027591705	1	1
0.601399008	6.058860302	1	1
0.601410598	6.080201149	1	1
0.601422157	6.071157455	1	1
0.601433743	6.114749908	1	1
0.601445302	6.058344364	1	1
0.60145689	6.12366581	1	1
0.601468464	6.106021881	1	1
0.601480022	6.141716003	1	1
0.601491606	6.13736248	1	1
0.601503184	6.113370895	1	1
0.601514764	6.134580612	1	1
0.601526337	6.08801651	1	1
0.601537894	6.090065956	1	1
0.601549477	6.143220425	1	1
0.601561041	6.186865807	1	1
0.601572626	6.041007996	1	1
0.601584208	6.227630615	1	1
0.601595783	6.180328846	1	1
0.601607357	6.206469536	1	1
0.601618916	6.271467686	1	1
0.601630485	6.222077847	1	1
0.601642064	6.154668331	1	1
0.601653648	6.182457447	1	1
0.601665223	6.172197342	1	1
0.601676784	6.108606815	1	1
0.601688363	6.266581535	1	1
0.60169993	6.190320492	1	1
0.60171151	6.225279331	1	1
0.601723078	6.235630512	1	1
0.601734666	6.237942696	1	1
0.601746227	6.302237988	1	1
0.601757815	6.198236466	1	1
0.601769379	6.207450867	1	1
0.601780951	6.278467178	1	1
0.601792536	6.164829731	1	1
0.601804104	6.229031563	1	1
0.601815686	6.156338692	1	1
0.601827245	6.24335146	1	1
0.601838821	6.221934319	1	1
0.601850407	6.287715435	1	1
0.601861973	6.31757164	1	1
0.601873545	6.287479401	1	1
0.601885129	6.221153736	1	1
0.60189669	6.316550732	1	1
0.601908282	6.333264351	1	1
0.601919852	6.287255287	1	1
0.601931427	7.527541161	1	1
0.601942995	6.276968002	1	1
0.601954573	6.324803829	1	1
0.601966143	6.437563896	1	1
0.601977729	6.663611889	1	1
0.601989297	6.5173769	1	1
0.602000872	6.577186585	1	1
0.602012446	6.34653759	1	1
0.602024017	6.430517197	1	1
0.602035591	6.723033905	1	1
0.602047169	6.484848499	1	1
0.602058734	6.544130802	1	1
0.602070308	6.615730763	1	1
0.602081877	19.04846191	1	1
0.602093459	117.3320999	1	1
0.602105026	106.726799	1	1
0.602116618	115.590416	1	1
0.602128179	104.753273	1	1
0.602139766	107.6979446	1	1
0.60215132	107.5927124	1	1
0.602162891	9.144859314	1	1
0.602174485	6.656020165	1	1
0.602186048	6.677462578	1	1
0.602197634	6.749242783	1	1
0.602209189	6.716318131	1	1
0.602220771	6.811414719	1	1
0.602232338	6.766423702	1	1
0.60224393	6.826486111	1	1
0.602255485	6.739327431	1	1
0.602267064	6.774800777	1	1
0.602278654	6.681162357	1	1
0.602290222	6.745434761	1	1
0.602301791	6.732620716	1	1
0.602313366	6.703999996	1	1
0.602324946	6.799823761	1	1
0.602336523	6.861567497	1	1
0.60234808	6.796917915	1	1
0.602359673	6.758464813	1	1
0.602371235	6.91933918	1	1
0.602382806	6.862931252	1	1
0.602394395	6.878137589	1	1
0.602405948	6.850061894	1	1
0.602417526	6.91915226	1	1
0.602429108	6.812866211	1	1
0.602440686	6.835578919	1	1
0.602452254	6.92069912	1	1
0.602463831	6.895113468	1	1
0.602475413	7.000794888	1	1
0.602486986	6.823462486	1	1
0.60249856	7.004924297	1	1
0.602510126	6.822867394	1	1
0.602521699	6.862755299	1	1
0.602533269	6.916971207	1	1
0.602544839	6.947662354	1	1
0.602556425	6.96170044	1	1
0.602567987	6.929610729	1	1
0.602579575	6.999832153	1	1
0.60259115	7.053956032	1	1
0.60260272	6.880685806	1	1
0.602614295	6.887807369	1	1
0.602625861	6.969088554	1	1
0.602637429	6.983053207	1	1
0.602649008	6.96999979	1	1
0.602660599	6.972878933	1	1
0.602672156	7.053892136	1	1
0.602683734	6.988444328	1	1
0.602695314	6.968328476	1	1
0.602706895	7.163712502	1	1
0.602718453	6.95724535	1	1
0.602730032	7.024287701	1	1
0.6027416	6.966041088	1	1
0.602753178	6.996770382	1	1
0.602764754	7.023225308	1	1
0.602776326	6.965135098	1	1
0.602787901	6.953620911	1	1
0.602799484	7.040092945	1	1
0.602811051	7.034333229	1	1
0.60282262	7.101810932	1	1
0.602834198	7.070967674	1	1
0.602845774	7.010404587	1	1
0.602857358	6.983193398	1	1
0.602868924	7.091339111	1	1
0.602880505	7.151823998	1	1
0.602892076	7.15198803	1	1
0.602903644	7.12613821	1	1
0.602915223	7.124406815	1	1
0.602926782	7.14359808	1	1
0.602938366	7.114719391	1	1
0.602949946	7.017697811	1	1
0.602961525	7.127870083	1	1
0.60297308	7.20433569	1	1
0.602984663	7.203866959	1	1
0.60299623	7.172344685	1	1
0.603007813	7.181853294	1	1
0.603019383	7.172852993	1	1
0.603030958	7.146831513	1	1
0.603042524	7.095436096	1	1
0.60305411	7.053812981	1	1
0.603065683	7.146217823	1	1
0.603077258	7.13560009	1	1
0.603088837	7.206511498	1	1
0.603100396	7.027956963	1	1
0.603111972	7.152796269	1	1
0.603123554	7.072302342	1	1
0.603135118	7.103265762	1	1
0.603146704	7.165316582	1	1
0.603158279	7.163160324	1	1
0.603169837	7.24170351	1	1
0.60318143	7.244836807	1	1
0.603192995	7.254796505	1	1
0.603204581	7.296924591	1	1
0.603216133	7.223599911	1	1
0.603227728	7.302588463	1	1
0.603239293	7.364568234	1	1
0.60325087	7.331909657	1	1
0.603262448	7.342596531	1	1
0.603274013	7.180679321	1	1
0.60328558	7.267504215	1	1
0.603297172	7.332803249	1	1
0.603308731	7.242479801	1	1
0.603320309	7.323823929	1	1
0.603331882	7.413470268	1	1
0.603343465	7.248453617	1	1
0.603355034	7.147591591	1	1
0.603366603	7.350802898	1	1
0.603378183	7.276192665	1	1
0.603389762	7.204479694	1	1
0.60340134	7.318484306	1	1
0.603412914	7.320091248	1	1
0.603424487	7.308144569	1	1
0.603436044	7.322286129	1	1
0.603447614	7.394211769	1	1
0.603459197	7.393253326	1	1
0.603470783	7.457793236	1	1
0.603482356	7.493260384	1	1
0.60349393	7.476266861	1	1
0.603505494	7.43451643	1	1
0.603517073	7.434033871	1	1
0.603528644	7.334912777	1	1
0.603540224	7.338636875	1	1
0.603551789	7.477854729	1	1
0.603563365	7.347905636	1	1
0.603574948	7.394255638	1	1
0.603586525	7.435991764	1	1
0.603598085	7.387435436	1	1
0.603609657	7.351342678	1	1
0.603621241	7.384077072	1	1
0.603632816	7.466810226	1	1
0.603644389	7.431166649	1	1
0.603655953	7.426386833	1	1
0.603667521	7.527378082	1	1
0.603679096	7.472880364	1	1
0.603690682	7.565231323	1	1
0.603702265	7.551198959	1	1
0.603713834	7.446491242	1	1
0.603725396	7.535228729	1	1
0.603736978	7.508444309	1	1
0.603748542	7.551408291	1	1
0.60376013	7.451516628	1	1
0.603771708	7.497223854	1	1
0.603783265	7.623937607	1	1
0.603794855	7.507930756	1	1
0.603806428	7.500733376	1	1
0.60381799	7.533832073	1	1
0.603829568	7.572711468	1	1
0.603841146	7.521976948	1	1
0.603852722	7.541007042	1	1
0.60386428	7.589433193	1	1
0.603875861	7.602444172	1	1
0.603887437	7.5172472	1	1
0.603899012	7.651557922	1	1
0.603910579	7.66154623	1	1
0.603922151	7.650587559	1	1
0.603933729	7.629689694	1	1
0.603945306	7.579017162	1	1
0.603956877	7.647357464	1	1
0.603968466	7.507747173	1	1
0.603980021	7.676551819	1	1
0.603991603	7.563676357	1	1
0.604003171	7.557391644	1	1
0.604014759	7.672213554	1	1
0.604026333	7.706140995	1	1
0.6040379	7.502933025	1	1
0.604049482	7.681556702	1	1
0.60406106	7.575733662	1	1
0.604072619	7.819454193	1	1
0.604084208	7.607518673	1	1
0.604095777	7.684556484	1	1
0.604107343	7.629056931	1	1
0.604118925	7.863501072	1	1
0.604130503	7.683675289	1	1
0.604142059	7.710843563	1	1
0.604153645	7.758338928	1	1
0.604165212	7.76559782	1	1
0.604176793	7.765885353	1	1
0.604188354	7.732668877	1	1
0.604199943	7.766051292	1	1
0.604211513	7.6276474	1	1
0.604223097	7.717707634	1	1
0.604234656	7.687368393	1	1
0.604246238	7.776234627	1	1
0.604257815	7.837544918	1	1
0.604269374	7.700146675	1	1
0.604280956	7.74592638	1	1
0.604292534	7.695217133	1	1
0.604304106	7.725184441	1	1
0.604315682	7.766569138	1	1
0.604327246	7.691164494	1	1
0.604338834	7.870352745	1	1
0.604350406	7.641186714	1	1
0.604361965	7.831145763	1	1
0.604373553	7.728877544	1	1
0.604385126	7.707257271	1	1
0.604396707	7.849116325	1	1
0.604408278	7.7999897	1	1
0.604419852	7.792453289	1	1
0.604431425	7.759076119	1	1
0.604443006	7.811593056	1	1
0.604454575	7.828252316	1	1
0.604466152	7.761955261	1	1
0.604477715	7.739305019	1	1
0.604489283	7.83576107	1	1
0.604500875	7.660932541	1	1
0.604512433	7.873796463	1	1
0.604524019	7.799870968	1	1
0.604535594	7.796533585	1	1
0.604547161	7.801796436	1	1
0.604558738	7.881665707	1	1
0.60457032	7.690433979	1	1
0.604581874	7.777061462	1	1
0.604593464	7.872255325	1	1
0.604605025	7.706676483	1	1
0.604616599	7.895056248	1	1
0.60462818	7.852399349	1	1
0.604639754	7.805786133	1	1
0.604651337	7.852743149	1	1
0.604662908	7.87605381	1	1
0.604674476	7.888822079	1	1
0.604686058	7.84444046	1	1
0.604697624	7.933646202	1	1
0.604709209	7.889983654	1	1
0.604720782	7.977692604	1	1
0.60473234	7.850971222	1	1
0.604743931	7.93364954	1	1
0.604755486	7.994803906	1	1
0.604767061	7.936117172	1	1
0.604778645	7.994912624	1	1
0.604790213	8.100738525	1	1
0.604801795	8.026743889	1	1
0.604813362	8.011307716	1	1
0.60482493	8.069335938	1	1
0.604836519	8.011119843	1	1
0.604848093	7.96059227	1	1
0.604859671	8.014760017	1	1
0.604871232	8.07108593	1	1
0.6048828	7.944162846	1	1
0.604894374	7.979372025	1	1
0.60490595	7.936807632	1	1
0.604917532	8.012423515	1	1
0.604929114	8.058681488	1	1
0.604940691	7.962615013	1	1
0.604952246	8.040679932	1	1
0.604963832	8.045456886	1	1
0.604975402	8.101741791	1	1
0.604986972	8.042409897	1	1
0.604998554	8.078812599	1	1
0.605010124	8.040816307	1	1
0.605021692	8.030342102	1	1
0.605033284	7.987217426	1	1
0.60504484	8.076618195	1	1
0.605056423	8.142076492	1	1
0.605067993	8.152178764	1	1
0.605079563	8.030993462	1	1
0.605091143	8.03737545	1	1
0.605102728	8.044241905	1	1
0.605114292	8.090791702	1	1
0.605125869	8.172693253	1	1
0.605137431	8.097010613	1	1
0.605149003	8.08426857	1	1
0.605160596	8.11548996	1	1
0.605172155	8.154468536	1	1
0.605183746	8.132236481	1	1
0.60519531	8.007232666	1	1
0.605206886	8.122173309	1	1
0.605218465	8.198791504	1	1
0.605230037	8.071656227	1	1
0.605241596	8.213965416	1	1
0.605253188	8.170837402	1	1
0.605264748	8.23211956	1	1
0.605276332	8.292728424	1	1
0.605287898	8.197961807	1	1
0.605299473	8.10061264	1	1
0.605311061	8.168971062	1	1
0.605322633	8.362537384	1	1
0.605334194	8.182415962	1	1
0.605345767	8.29257679	1	1
0.60535735	8.198162079	1	1
0.605368926	8.258155823	1	1
0.605380498	8.199120522	1	1
0.605392071	8.165595055	1	1
0.605403647	8.274954796	1	1
0.605415227	8.230342865	1	1
0.605426798	8.270590782	1	1
0.605438356	8.195058823	1	1
0.605449929	8.222760201	1	1
0.605461509	8.207753182	1	1
0.605473086	8.28920269	1	1
0.605484654	8.185443878	1	1
0.605496231	8.321803093	1	1
0.605507801	8.287129402	1	1
0.605519374	8.239554405	1	1
0.605530952	8.284509659	1	1
0.605542541	8.191951752	1	1
0.605554108	8.307390213	1	1
0.605565686	8.385848045	1	1
pulse 1			
0.605577257	8.297873497	1	1
0.605588819	8.33182621	1	1
0.605600393	8.322299004	1	1
0.605611975	8.475478172	1	1
0.605623551	8.314288139	1	1
0.605635128	8.359487534	1	1
0.605646689	8.25069809	1	1
0.605658275	8.212880135	1	1
0.605669857	8.225150108	1	1
0.605681413	8.215209007	1	1
0.605692989	8.248270035	1	1
0.605704569	8.133765221	1	1
0.605716145	8.375267029	1	1
0.605727722	8.203180313	1	1
0.60573929	8.262533188	1	1
0.605750872	8.219582558	1	1
0.605762444	8.256679535	1	1
0.605774019	8.355054855	1	1
0.605785585	8.319941521	1	1
0.605797166	8.266332626	1	1
0.605808739	8.282865524	1	1
0.605820313	8.3312397	1	1
0.605831893	8.281989098	1	1
0.605843449	8.208415031	1	1
0.605855043	8.38391304	1	1
0.605866602	8.367126465	1	1
0.605878185	8.315265656	1	1
0.605889752	8.412564278	1	1
0.605901339	8.26218605	1	1
0.605912902	8.419561386	1	1
0.605924469	8.311629295	1	1
0.605936045	8.304693222	1	1
0.605947617	8.405730248	1	1
0.605959197	8.296667099	1	1
0.605970776	8.422370911	1	1
0.605982346	8.386116028	1	1
0.605993925	8.287014961	1	1
0.60600549	8.354084015	1	1
0.606017066	8.329916954	1	1
0.606028633	8.412983894	1	1
0.606040222	8.492557526	1	1
0.606051782	8.696335793	1	1
0.606063374	8.626805306	1	1
0.606074944	8.790727615	1	1
0.606086524	8.879997253	1	1
0.606098086	8.787343979	1	1
0.606109651	8.850604057	1	1
0.606121226	8.837704659	1	1
0.606132804	8.738574028	1	1
0.606144374	8.863276482	1	1
0.606155959	9.073654175	1	1
0.606167525	9.126881599	1	1
0.60617911	9.664155006	1	1
0.606190677	11.0800705	1	1
0.606202252	11.86287975	1	1
0.606213829	12.1692543	1	1
0.606225393	13.06551933	1	1
0.606236971	14.150774	1	1
0.606248558	15.49256039	1	1
0.606260118	15.35698032	1	1
0.606271704	15.75300884	1	1
0.606283263	15.72191811	1	1
0.60629484	15.99857521	1	1
0.606306429	15.87985897	1	1
0.606317986	15.79767418	1	1
0.606329579	16.37175751	1	1
0.606341138	15.88231277	1	1
0.606352714	15.34579945	1	1
0.60636429	15.01656151	1	1
0.606375861	14.73858547	1	1
0.606387441	14.49489594	1	1
0.606399018	15.57318592	1	1
0.606410595	16.68784904	1	1
0.606422168	16.89019394	1	1
0.606433747	16.89658737	1	1
0.606445317	16.97359467	1	1
0.606456887	17.00592232	1	1
0.606468456	17.55048752	1	1
0.606480043	18.73197556	1	1
0.606491615	19.17366028	1	1
0.606503186	18.6669693	1	1
0.606514752	18.43057251	1	1
0.60652633	17.65727425	1	1
0.606537914	17.28739166	1	1
0.606549474	17.61741066	1	1
0.606561055	17.95008469	1	1
0.606572636	18.29545784	1	1
0.606584193	17.97533035	1	1
0.606595783	19.17470932	1	1
0.606607348	19.95903587	1	1
0.606618922	19.59928894	1	1
0.606630489	18.9055748	1	1
0.606642072	17.5594902	1	1
0.606653651	17.23010445	1	1
0.606665215	17.64667892	1	1
0.606676799	18.24258232	1	1
0.606688358	18.83716774	1	1
0.606699939	19.94729424	1	1
0.606711511	21.3377285	1	1
0.606723093	21.24604988	1	1
0.606734657	20.99738884	1	1
0.606746247	20.79471016	1	1
0.60675781	21.34075546	1	1
0.606769396	22.38933754	1	1
0.606780951	21.59515381	1	1
0.606792533	20.57572937	1	1
0.606804106	20.33583069	1	1
0.606815676	20.3321991	1	1
0.606827246	20.53412628	1	1
0.606838822	21.24921227	1	1
0.606850399	22.00432968	1	1
0.60686198	22.09771156	1	1
0.606873541	22.32575989	1	1
0.606885134	22.7058773	1	1
0.606896708	23.04415703	1	1
0.606908275	24.39558983	1	1
0.606919837	25.39006805	1	1
0.60693141	26.21608734	1	1
0.606942984	26.33063889	1	1
0.606954573	25.66567612	1	1
0.606966137	25.92980957	1	1
0.606977726	26.19122696	1	1
0.606989299	26.03149986	1	1
0.607000858	26.33441544	1	1
0.607012432	26.18709373	1	1
0.607024006	26.75408745	1	1
0.607035596	26.67211342	1	1
0.607047172	26.63677216	1	1
0.607058745	26.7413826	1	1
0.607070318	26.78677559	1	1
0.60708189	27.1336174	1	1
0.60709345	27.24962807	1	1
0.607105031	27.18518066	1	1
0.607116595	27.17497826	1	1
0.607128179	26.84224892	1	1
0.607139762	27.00942802	1	1
0.607151326	27.52393532	1	1
0.607162902	27.62147331	1	1
0.607174469	27.43633842	1	1
0.607186054	27.25221062	1	1
0.607197635	27.0607357	1	1
0.607209203	27.1931839	1	1
0.607220762	27.35516739	1	1
0.607232356	27.56852913	1	1
0.607243914	27.65200615	1	1
0.607255498	27.40026474	1	1
0.607267063	27.28074455	1	1
0.60727865	27.33444023	1	1
0.607290221	27.45327759	1	1
0.607301797	27.80747604	1	1
0.607313371	27.99399948	1	1
0.607324951	27.89554787	1	1
0.607336522	28.13330269	1	1
0.607348096	28.18351173	1	1
0.607359651	28.38225555	1	1
0.607371237	28.63370895	1	1
0.6073828	28.34546661	1	1
0.607394376	28.06724167	1	1
0.607405957	28.50629807	1	1
0.607417531	28.64424706	1	1
0.607429099	28.48513603	1	1
0.607440682	28.18719482	1	1
0.607452253	28.36985207	1	1
0.60746384	28.57903099	1	1
0.607475394	28.69818497	1	1
0.607486965	28.72379112	1	1
0.607498552	28.55727768	1	1
0.607510133	28.43697929	1	1
0.607521708	28.44375038	1	1
0.607533266	28.62909698	1	1
0.607544839	28.62770653	1	1
0.607556422	28.67136383	1	1
0.607567997	28.39598656	1	1
0.607579563	28.24413872	1	1
0.607591148	28.48908234	1	1
0.607602708	28.86773109	1	1
0.6076143	28.7000885	1	1
0.607625866	28.82558441	1	1
0.607637445	28.59573936	1	1
0.607649014	28.41158676	1	1
0.607660585	28.41659737	1	1
0.607672167	28.55993652	1	1
0.607683731	28.7124691	1	1
0.607695316	28.70226097	1	1
0.607706885	28.5181694	1	1
0.60771847	28.66463661	1	1
0.607730028	28.76081085	1	1
0.607741599	28.68407059	1	1
0.607753172	28.70561218	1	1
0.607764753	28.56139755	1	1
0.607776335	28.43481255	1	1
0.607787901	28.67157555	1	1
0.607799482	28.74331856	1	1
0.607811043	28.68970108	1	1
0.607822625	28.85803413	1	1
0.60783419	28.85402489	1	1
0.607845774	28.81770134	1	1
0.607857342	28.789114	1	1
0.607868927	28.81931877	1	1
0.607880503	28.81288719	1	1
0.607892064	28.76901436	1	1
0.607903635	28.85751534	1	1
0.607915208	29.05746078	1	1
0.60792679	29.31683922	1	1
0.60793837	29.17245674	1	1
0.607949933	29.25001907	1	1
0.607961524	29.15280914	1	1
0.607973082	29.03796005	1	1
0.607984652	29.15543175	1	1
0.607996247	29.02023315	1	1
0.608007801	28.94953728	1	1
0.608019389	29.11445999	1	1
0.608030958	29.05580139	1	1
0.608042534	29.01408577	1	1
0.608054116	28.85741043	1	1
0.608065674	29.13390541	1	1
0.60807726	28.9047699	1	1
0.608088828	28.52401733	1	1
0.608100407	28.55612755	1	1
0.608111979	28.45907402	1	1
0.608123554	28.47403145	1	1
0.608135132	28.64909744	1	1
0.608146695	28.8063755	1	1
0.608158263	28.93001556	1	1
0.608169843	28.90812874	1	1
0.608181413	28.83615112	1	1
0.608193001	28.76763916	1	1
0.608204576	28.73674393	1	1
0.608216153	29.01850319	1	1
0.608227714	28.87656784	1	1
0.60823928	28.55166435	1	1
0.608250865	28.48413849	1	1
0.608262442	28.45870209	1	1
0.608274011	28.54245758	1	1
0.608285583	28.46956253	1	1
0.608297165	28.68014717	1	1
0.608308728	28.49983597	1	1
0.608320311	28.20009232	1	1
0.608331875	28.30619812	1	1
0.608343466	28.35007668	1	1
0.608355033	28.57253456	1	1
0.608366614	28.7713623	1	1
0.608378171	28.8315239	1	1
0.608389762	28.84597588	1	1
0.60840132	28.67486382	1	1
0.608412897	28.475811	1	1
0.608424471	28.54763603	1	1
0.608436058	28.58436012	1	1
0.608447629	28.60668755	1	1
0.608459202	28.24969101	1	1
0.608470779	28.17425537	1	1
0.608482356	28.11590958	1	1
0.60849392	28.05402565	1	1
0.608505499	27.9830513	1	1
0.608517059	27.93453407	1	1
0.608528638	27.8214283	1	1
0.608540221	27.84843063	1	1
0.608551793	28.05653381	1	1
0.608563373	28.14255142	1	1
0.608574932	28.11762238	1	1
0.608586522	28.01442337	1	1
0.60859809	28.01612282	1	1
0.608609671	27.75741196	1	1
0.608621233	27.68289948	1	1
0.608632812	27.94402313	1	1
0.60864439	27.88494682	1	1
0.608655953	27.91725922	1	1
0.608667529	27.862463	1	1
0.608679115	27.72184372	1	1
0.608690685	27.48729706	1	1
0.608702263	27.70255852	1	1
0.608713837	27.6525898	1	1
0.608725403	27.59147453	1	1
0.608736971	27.38992119	1	1
0.608748557	27.25128365	1	1
0.608760136	26.99129677	1	1
0.60877171	26.94504547	1	1
0.608783281	26.56346893	1	1
0.608794848	26.2489605	1	1
0.608806416	26.1456604	1	1
0.608817984	25.99916267	1	1
0.608829572	25.8854599	1	1
0.608841147	26.14922333	1	1
0.608852727	26.33452606	1	1
0.608864292	26.48484421	1	1
0.608875867	26.49816132	1	1
0.60888743	26.56771851	1	1
0.608899011	26.55869293	1	1
0.608910586	26.21962547	1	1
0.608922171	25.98801804	1	1
0.608933738	25.88919449	1	1
0.608945315	26.0287571	1	1
0.608956875	25.80846214	1	1
0.608968453	25.98469353	1	1
0.608980028	26.11103821	1	1
0.608991597	26.03587341	1	1
0.609003173	26.10559654	1	1
0.609014752	25.90312195	1	1
0.609026324	25.52257538	1	1
0.609037901	25.71134758	1	1
0.609049472	25.4760952	1	1
0.609061061	24.67230606	1	1
0.609072629	24.28781128	1	1
0.609084208	24.42855453	1	1
0.609095769	24.84680939	1	1
0.609107356	25.22814941	1	1
0.609118917	25.42001152	1	1
0.609130491	25.2970314	1	1
0.609142079	25.17044067	1	1
0.609153646	24.9430809	1	1
0.609165227	25.0224762	1	1
0.609176802	24.94845963	1	1
0.609188372	25.06605339	1	1
0.609199947	25.03248405	1	1
0.609211525	25.02426338	1	1
0.609223096	25.21822357	1	1
0.60923466	25.22349358	1	1
0.609246229	25.157444	1	1
0.609257819	25.16286278	1	1
0.609269387	24.67179298	1	1
0.609280968	24.707798	1	1
0.609292524	24.58717155	1	1
0.609304111	24.38510323	1	1
0.609315672	24.07455254	1	1
0.609327253	23.65471077	1	1
0.609338821	23.30882072	1	1
0.609350401	23.2710228	1	1
0.609361976	23.39250374	1	1
0.609373544	23.37225723	1	1
0.609385116	23.37309647	1	1
0.609396695	23.65751839	1	1
0.609408282	23.70339394	1	1
0.609419843	23.75068665	1	1
0.609431428	23.9482708	1	1
0.609443004	23.89888382	1	1
0.60945456	24.04738617	1	1
0.609466142	23.92531967	1	1
0.609477719	23.8872261	1	1
0.609489303	23.90936661	1	1
0.609500859	23.68807793	1	1
0.609512432	23.23696327	1	1
0.609524013	22.85017967	1	1
0.609535582	23.05804062	1	1
0.609547157	23.02420807	1	1
0.609558739	23.23181152	1	1
0.609570299	23.2869091	1	1
0.609581885	23.23217964	1	1
0.609593466	23.32138824	1	1
0.609605029	23.358881	1	1
0.609616604	23.39345932	1	1
0.609628187	23.27630997	1	1
0.609639762	23.07169342	1	1
0.609651321	22.51599121	1	1
0.609662894	22.43720436	1	1
0.609674467	22.72921944	1	1
0.60968606	22.80311966	1	1
0.609697633	22.61923027	1	1
0.609709202	22.21239662	1	1
0.609720784	21.97891617	1	1
0.609732342	21.94001389	1	1
0.609743913	21.86122894	1	1
0.609755488	22.11019325	1	1
0.609767079	22.18733978	1	1
0.609778634	22.08375168	1	1
0.609790222	22.01125145	1	1
0.609801796	21.94760895	1	1
0.609813356	21.9836731	1	1
0.609824945	22.29544067	1	1
0.609836509	22.32806015	1	1
0.609848095	22.15546417	1	1
0.609859669	21.97753143	1	1
0.609871228	22.05721474	1	1
0.609882802	21.9505291	1	1
0.609894373	21.32439041	1	1
0.609905965	21.05914688	1	1
0.609917535	21.04232597	1	1
0.609929112	20.99660492	1	1
0.60994067	21.01631927	1	1
0.609952255	21.33194923	1	1
0.609963835	21.40925407	1	1
0.609975401	21.56762505	1	1
0.60998698	21.70783615	1	1
0.609998545	21.68548965	1	1
0.610010124	21.26196671	1	1
0.610021706	21.01696205	1	1
0.610033282	20.6168499	1	1
0.610044855	20.31395149	1	1
0.610056418	20.30117989	1	1
0.610068006	20.62782478	1	1
0.610079568	20.71146393	1	1
0.610091134	20.87750053	1	1
0.610102726	20.78278732	1	1
0.610114301	20.38995171	1	1
0.610125855	20.44608307	1	1
0.610137431	20.6088829	1	1
0.610149018	20.72143364	1	1
0.61016059	20.70839691	1	1
0.610172158	20.42217445	1	1
0.610183729	20.17996216	1	1
0.610195315	20.12157822	1	1
0.610206875	20.11935425	1	1
0.610218456	20.18413734	1	1
0.610230041	20.13881111	1	1
0.610241597	20.02087593	1	1
0.61025317	20.00034142	1	1
0.610264743	19.93555832	1	1
0.610276335	20.01890373	1	1
0.610287912	20.1165905	1	1
0.610299478	19.86284828	1	1
0.610311041	19.45156097	1	1
0.61032262	19.43680382	1	1
0.610334199	19.26235199	1	1
0.610345767	19.58821106	1	1
0.610357344	19.5870285	1	1
0.610368914	19.25694466	1	1
0.610380489	18.90431976	1	1
0.610392077	18.81706047	1	1
0.610403632	18.98153114	1	1
0.610415214	19.17432785	1	1
0.610426784	19.1350441	1	1
0.610438375	19.179533	1	1
0.610449948	19.17749023	1	1
0.610461513	19.09138298	1	1
0.610473092	19.00576782	1	1
0.610484668	18.88120842	1	1
0.610496241	18.89515686	1	1
0.610507811	19.07187843	1	1
0.610519376	18.88666344	1	1
0.610530954	18.74117851	1	1
0.610542531	18.76285934	1	1
0.61055411	18.84095192	1	1
0.610565692	18.89797974	1	1
0.610577246	19.07099342	1	1
0.610588823	18.91814613	1	1
0.61060041	18.92675018	1	1
0.610611978	19.0210228	1	1
0.610623541	19.07069588	1	1
0.610635126	18.83399391	1	1
0.610646697	18.34658623	1	1
0.610658267	18.22296715	1	1
0.610669858	18.21310616	1	1
0.610681432	18.28686523	1	1
0.610692993	18.44740677	1	1
0.610704574	18.40745926	1	1
0.610716149	18.57525253	1	1
0.610727725	18.2308197	1	1
0.610739289	17.94644356	1	1
0.610750875	17.75341606	1	1
0.610762449	18.00520706	1	1
0.610774011	18.06242752	1	1
0.610785594	17.98563194	1	1
0.610797164	17.70409393	1	1
0.610808729	17.63050461	1	1
0.610820304	17.63530731	1	1
0.610831884	17.72588921	1	1
0.610843453	17.69959068	1	1
0.610855032	17.5621357	1	1
0.610866604	17.46753502	1	1
0.610878175	17.62562752	1	1
0.610889759	17.63887405	1	1
0.610901329	17.57048225	1	1
0.610912904	17.54369926	1	1
0.610924486	17.25697517	1	1
0.610936061	17.15573883	1	1
0.610947618	17.17221832	1	1
0.610959191	17.27382088	1	1
0.610970765	17.20232773	1	1
0.610982354	17.29057693	1	1
0.61099393	17.44532776	1	1
0.611005489	17.42671204	1	1
0.611017065	17.44169235	1	1
0.611028653	17.41286659	1	1
0.61104021	17.29373741	1	1
0.611051796	17.24053383	1	1
0.611063362	17.22074318	1	1
0.611074939	16.94065857	1	1
0.611086521	16.53765869	1	1
0.611098091	16.42852592	1	1
0.611109661	16.82288361	1	1
0.611121227	17.06248093	1	1
0.611132816	17.13036537	1	1
0.611144387	16.84985542	1	1
0.61115597	16.90237045	1	1
0.61116753	16.65046501	1	1
0.611179105	16.79329109	1	1
0.611190672	16.86962318	1	1
0.611202252	16.88554001	1	1
0.611213827	16.74913788	1	1
0.611225403	16.52119446	1	1
0.611236988	16.63301849	1	1
0.611248562	16.59785843	1	1
0.611260135	16.32454681	1	1
0.611271689	16.10163879	1	1
0.611283267	16.10960197	1	1
0.611294855	16.06188393	1	1
0.611306424	16.02720451	1	1
0.611317999	16.02130127	1	1
0.611329571	16.00510216	1	1
0.61134114	16.03638268	1	1
0.611352717	15.88818073	1	1
0.611364288	15.6646347	1	1
0.611375864	15.73766422	1	1
0.611387441	15.55286312	1	1
0.611399011	15.90168285	1	1
0.61141058	15.9363575	1	1
0.611422167	15.73881245	1	1
0.611433744	15.72270107	1	1
0.61144532	15.72182274	1	1
0.611456876	15.75926781	1	1
0.611468451	15.7308836	1	1
0.611480026	15.674263	1	1
0.611491604	15.76771355	1	1
0.611503183	15.7412014	1	1
0.611514747	15.70052052	1	1
0.611526333	15.64653587	1	1
0.611537907	15.56910324	1	1
0.611549481	15.58843517	1	1
0.611561054	15.42247868	1	1
0.611572615	15.23694038	1	1
0.61158419	15.10214806	1	1
0.611595769	15.15979958	1	1
0.611607347	15.4406538	1	1
0.611618924	15.42061901	1	1
0.611630501	15.19935799	1	1
0.611642069	14.97501564	1	1
0.611653638	14.9298563	1	1
0.611665219	15.05284023	1	1
0.611676796	15.09905624	1	1
0.611688361	15.03592205	1	1
0.611699945	15.15791798	1	1
0.611711516	14.9156847	1	1
0.611723093	14.91674614	1	1
0.611734662	14.84444046	1	1
0.61174624	14.91845322	1	1
0.611757817	14.93609428	1	1
0.611769392	15.00399876	1	1
0.611780959	14.94003677	1	1
0.611792537	14.8896637	1	1
0.611804112	14.80088043	1	1
0.61181567	14.73149395	1	1
0.611827248	14.65545845	1	1
0.611838831	14.59814262	1	1
0.611850395	14.69143295	1	1
0.611861968	14.87396336	1	1
0.611873549	14.84321117	1	1
0.611885121	14.85384083	1	1
0.611896694	14.81648731	1	1
0.611908275	14.83896446	1	1
0.61191984	14.68357372	1	1
0.611931427	14.64288712	1	1
0.611943006	14.57176876	1	1
0.611954566	14.41844368	1	1
0.611966152	14.25623131	1	1
0.611977723	14.22343445	1	1
pulse 1			
0.611989299	14.20185661	1	1
