Day fraction since midnight on 	red dye (mg/L)	Supply air pressure (Pa)	Run Pump ()	Pump ()
0.592161824	1.826078892	0	1	1
0.592173309	1.82610023	0	1	1
0.592184964	1.826403976	0	1	1
0.592196535	1.826138139	0	1	1
0.592208119	1.826293707	0	1	1
0.592219674	1.82628119	0	1	1
0.592231266	1.826217294	0	1	1
0.59224282	1.82681191	0	1	1
0.592254427	1.826250672	0	1	1
0.592265975	1.826112628	0	1	1
0.592277557	1.826216817	0	1	1
0.592289056	1.826256633	0	1	1
0.592300692	1.82623446	0	1	1
0.592312275	1.826196909	0	1	1
0.59232386	1.827133775	0	1	1
0.592335432	1.826242805	0	1	1
0.592347009	1.826196909	0	1	1
0.592358574	1.826230764	0	1	1
0.592370151	1.826222897	0	1	1
0.592381711	1.826220155	0	1	1
0.592393295	1.826287746	0	1	1
0.592404803	1.826503515	0	1	1
0.592416455	1.826500297	0	1	1
0.592428004	1.826391935	0	1	1
0.592439587	1.826034427	0	1	1
0.592451165	1.826355815	0	1	1
0.592462754	1.826290488	0	1	1
0.592474314	1.826337218	0	1	1
0.592485875	1.826434493	0	1	1
0.592497461	1.826429367	0	1	1
0.592509038	1.826111794	0	1	1
0.592520567	1.826291442	0	1	1
0.592532177	1.826100588	0	1	1
0.592543742	1.826855898	0	1	1
0.592555338	1.826017737	0	1	1
0.59256691	1.82621038	0	1	1
0.592578456	1.826236367	0	1	1
0.592590051	1.826735497	0	1	1
0.592601616	1.82646966	0	1	1
0.592613204	1.826250196	0	1	1
0.59262477	1.826328874	0	1	1
0.592636337	1.826176524	0	1	1
0.592647908	1.826584101	0	1	1
0.592659493	1.826393247	0	1	1
0.592671075	1.826244235	0	1	1
0.592682642	1.826277018	0	1	1
0.592694205	1.82619369	0	1	1
0.5927058	1.82653594	0	1	1
0.592717352	1.826468349	0	1	1
0.592728957	1.826195121	0	1	1
0.59274051	1.826462746	0	1	1
0.592752104	1.826378465	0	1	1
0.592763636	1.826277971	0	1	1
0.592775222	1.826339126	0	1	1
0.592786807	1.82630527	0	1	1
0.592798377	1.826312304	0	1	1
0.592809961	1.826293707	0	1	1
0.592821525	1.82632196	0	1	1
0.592833122	1.826231718	0	1	1
0.59284468	1.826390505	0	1	1
0.592856252	1.826280713	0	1	1
0.592867844	1.826469183	0	1	1
0.592879407	1.826351643	0	1	1
0.592890963	1.826229811	0	1	1
0.592902566	1.82632339	0	1	1
0.592914123	1.826293707	0	1	1
0.592925706	1.826478005	0	1	1
0.592937265	1.826369166	0	1	1
0.592948835	1.826290965	0	1	1
0.59296042	1.826266885	0	1	1
0.592971997	1.827437997	0	1	1
0.592983562	1.826276541	0	1	1
0.592995128	1.826244593	0	1	1
0.593006711	1.826114535	0	1	1
0.593018292	1.826120973	0	1	1
0.593029868	1.826311827	0	1	1
0.593041454	1.826195121	0	1	1
0.593053011	1.826247931	0	1	1
0.593064569	1.826290488	0	1	1
0.593076161	1.826284051	0	1	1
0.593087731	1.826297402	0	1	1
0.593099294	1.826486349	0	1	1
0.593110885	1.826385856	0	1	1
0.593122441	1.826369643	0	1	1
0.593134033	1.826308489	0	1	1
0.593145611	1.826351643	0	1	1
0.593157183	1.826252103	0	1	1
0.593168758	1.826549768	0	1	1
0.593180318	1.8266716	0	1	1
0.593191883	1.826630831	0	1	1
0.593203458	1.826762319	0	1	1
0.593215036	1.827088356	0	1	1
0.593226609	1.82715416	0	1	1
0.593238187	1.826980948	0	1	1
0.593249763	1.827125907	0	1	1
0.593261337	1.827125907	0	1	1
0.593272905	1.827861786	0	1	1
0.593284476	1.82726109	0	1	1
0.59329606	1.827086449	0	1	1
0.593307642	1.827169895	0	1	1
0.593319208	1.827152252	0	1	1
0.59333079	1.827195764	0	1	1
0.593342358	1.827323556	0	1	1
0.593353933	1.827278256	0	1	1
0.593365491	1.82742548	0	1	1
0.593377069	1.82732594	0	1	1
0.59338865	1.827339768	0	1	1
0.593400224	1.827288866	0	1	1
0.593411806	1.82723558	0	1	1
0.593423381	1.827180028	0	1	1
0.593434946	1.827085137	0	1	1
0.593446529	1.827471376	0	1	1
0.593458111	1.827275872	0	1	1
0.593469659	1.827187896	0	1	1
0.593481243	1.827116132	0	1	1
0.593492824	1.827084661	0	1	1
0.593504383	1.827725172	0	1	1
0.593515968	1.827251315	0	1	1
0.593527538	1.827424049	0	1	1
0.593539104	1.827245355	0	1	1
0.593550683	1.827077746	0	1	1
0.593562265	1.827764511	0	1	1
0.593573855	1.82721889	0	1	1
0.593585413	1.827243924	0	1	1
0.593596982	1.82743752	0	1	1
0.593608573	1.827330113	0	1	1
0.593620128	1.827295303	0	1	1
0.593631693	1.827246308	0	1	1
0.593643277	1.827333331	0	1	1
0.593654853	1.827542663	0	1	1
0.593666428	1.827397704	0	1	1
0.593678007	1.827380061	0	1	1
0.593689563	1.827296257	0	1	1
0.593701146	1.827385187	0	1	1
0.593712732	1.82783258	0	1	1
0.593724285	1.831032872	0	1	1
0.59373587	1.836857677	0	1	1
0.593747448	1.844154716	0	1	1
0.593759022	1.852624297	0	1	1
0.593770581	1.859835625	0	1	1
0.593782179	1.865008712	0	1	1
0.59379374	1.86832583	0	1	1
0.593805299	1.870509267	0	1	1
0.59381689	1.874633551	0	1	1
0.593828456	1.872674227	0	1	1
0.593840034	1.872408152	0	1	1
0.593851611	1.872959971	0	1	1
0.593863192	1.870565653	0	1	1
0.593874762	1.869588733	0	1	1
0.59388632	1.868670464	0	1	1
0.593897925	1.867611408	0	1	1
0.593909482	1.865921855	0	1	1
0.593921044	1.864729643	0	1	1
0.593932636	1.864015579	0	1	1
0.593944206	1.863623142	0	1	1
0.593955769	1.862764597	0	1	1
0.593967355	1.861136794	0	1	1
0.593978939	1.860084653	0	1	1
0.593990494	1.859055877	0	1	1
0.594002102	1.858355641	0	1	1
0.594013642	1.857157946	0	1	1
0.594025219	1.855706692	0	1	1
0.59403678	1.854658842	0	1	1
0.594048354	1.854103327	0	1	1
0.594059931	1.85371697	0	1	1
0.594071513	1.852639198	0	1	1
0.594083077	1.851221681	0	1	1
0.594094654	1.850205421	0	1	1
0.594106229	1.849179506	0	1	1
0.594117799	1.848728776	0	1	1
0.59412939	1.847690582	0	1	1
0.594140953	1.84629786	0	1	1
0.59415254	1.845234871	0	1	1
0.594164125	1.844914198	0	1	1
0.594175675	1.844841838	0	1	1
0.594187256	1.84437418	0	1	1
0.594198842	1.844085574	0	1	1
0.594210404	1.843409181	0	1	1
0.594221995	1.842911482	0	1	1
0.594233555	1.842152596	0	1	1
0.594245118	1.841937423	0	1	1
0.594256683	1.841027498	0	1	1
0.594268272	1.840339661	0	1	1
0.594279844	1.840324402	0	1	1
0.594291412	1.839619517	0	1	1
0.594302984	1.839211464	0	1	1
0.594314569	1.839124322	0	1	1
0.594326141	1.838843823	0	1	1
0.594337711	1.838612437	0	1	1
0.594349289	1.838423729	0	1	1
0.594360867	1.837398171	0	1	1
0.594372427	1.836980939	0	1	1
0.594384014	1.836495161	0	1	1
0.594395571	1.836058021	0	1	1
0.594407154	1.83508563	0	1	1
0.59441874	1.834851503	0	1	1
0.594430295	1.834766269	0	1	1
0.594441879	1.834175825	0	1	1
0.594453454	1.833803654	0	1	1
0.594465032	1.83392787	0	1	1
0.5944766	1.833587289	0	1	1
0.594488181	1.833425522	0	1	1
0.594499735	1.833317995	0	1	1
0.594511315	1.83319056	0	1	1
0.594522908	1.833264709	0	1	1
0.594534491	1.833148837	0	1	1
0.59454605	1.833903313	0	1	1
0.594557618	1.845648646	0	1	1
0.594569193	1.831164002	0	1	1
0.594580758	1.831089377	0	1	1
0.594592347	1.83115232	0	1	1
0.59460392	1.831030965	0	1	1
0.594615482	1.830896139	0	1	1
0.594627075	1.830854893	0	1	1
0.594638636	1.830811381	0	1	1
0.594650207	1.830539465	0	1	1
0.594661782	1.830648303	0	1	1
0.594673381	1.830428243	0	1	1
0.594684941	1.830389381	0	1	1
0.594696506	1.830230951	0	1	1
0.594708077	1.830288887	0	1	1
0.594719645	1.83032918	0	1	1
0.594731223	1.830083609	0	1	1
0.594742808	1.83001554	0	1	1
0.594754362	1.829993248	0	1	1
0.594765955	1.829791307	0	1	1
0.594777521	1.829996944	0	1	1
0.594789097	1.829881668	0	1	1
0.594800676	1.829826117	0	1	1
0.594812231	1.829794049	0	1	1
0.594823816	1.829838634	0	1	1
0.594835385	1.829703331	0	1	1
0.594846984	1.829798698	0	1	1
0.594858564	1.829689384	0	1	1
0.594870118	1.829592586	0	1	1
0.594881701	1.829577327	0	1	1
0.594893262	1.829581976	0	1	1
0.59490484	1.829711199	0	1	1
0.594916404	1.82961762	0	1	1
0.594927984	1.829637528	0	1	1
0.594939552	1.829581499	0	1	1
0.594951119	1.829507351	0	1	1
0.594962695	1.829672694	0	1	1
0.59497429	1.829473138	0	1	1
0.594985842	1.829476357	0	1	1
0.594997432	1.8293823	0	1	1
0.595008999	1.829392552	0	1	1
0.595020574	1.829218388	0	1	1
0.595032146	1.829342961	0	1	1
0.595043736	1.829360962	0	1	1
0.59505531	1.829350352	0	1	1
0.595066861	1.829284549	0	1	1
0.595078447	1.829325318	0	1	1
0.595090039	1.82931602	0	1	1
0.595101616	1.829283238	0	1	1
0.595113171	1.829240561	0	1	1
0.595124739	1.829259515	0	1	1
0.595136309	1.829380035	0	1	1
0.595147892	1.829243302	0	1	1
0.595159462	1.829306841	0	1	1
0.595171045	1.829267383	0	1	1
0.595182603	1.829364657	0	1	1
0.595194172	1.829379082	0	1	1
0.59520575	1.829216003	0	1	1
0.595217336	1.829195619	0	1	1
0.595228899	1.829131723	0	1	1
0.595240476	1.829252124	0	1	1
0.595252052	1.82925117	0	1	1
0.595263619	1.829211831	0	1	1
0.5952752	1.829251647	0	1	1
0.595286783	1.82915163	0	1	1
0.595298356	1.829213262	0	1	1
0.59530992	1.829147935	0	1	1
0.595321518	1.829375386	0	1	1
0.595333061	1.829290628	0	1	1
0.595344632	1.829259515	0	1	1
0.595356208	1.82928741	0	1	1
0.595367794	1.829148889	0	1	1
0.595379389	1.829175711	0	1	1
0.595390948	1.829233646	0	1	1
0.595402519	1.829213262	0	1	1
0.595414095	1.829212308	0	1	1
0.59542565	1.829391122	0	1	1
0.595437246	1.829291105	0	1	1
0.595448809	1.82934022	0	1	1
0.595460378	1.82925725	0	1	1
0.595471971	1.829164147	0	1	1
0.595483528	1.829182625	0	1	1
0.595495095	1.829232693	0	1	1
0.595506672	1.829198837	0	1	1
0.595518261	1.829119206	0	1	1
0.59552985	1.829181314	0	1	1
0.595541412	1.829218388	0	1	1
0.595552973	1.829196572	0	1	1
0.595564548	1.829194665	0	1	1
0.595576118	1.829187751	0	1	1
0.595587703	1.829179406	0	1	1
0.595599269	1.829193831	0	1	1
0.59561084	1.829568505	0	1	1
0.595622416	1.829127073	0	1	1
0.595633992	1.829063177	0	1	1
0.595645572	1.82913959	0	1	1
0.595657149	1.829131723	0	1	1
0.595668724	1.829079866	0	1	1
0.5956803	1.829750538	0	1	1
0.595691864	1.829286933	0	1	1
0.595703459	1.829124808	0	1	1
0.595715016	1.829069138	0	1	1
0.595726574	1.829203963	0	1	1
0.595738167	1.82910347	0	1	1
0.595749725	1.829102039	0	1	1
0.595761313	1.829182267	0	1	1
0.595772888	1.829312325	0	1	1
0.595784462	1.829120159	0	1	1
0.595796021	1.830043793	0	1	1
0.595807605	1.829102516	0	1	1
0.595819179	1.904652357	0	1	1
0.595830762	1.829148889	0	1	1
0.595842329	1.829066873	0	1	1
0.59585389	1.829238296	0	1	1
0.595865484	1.82915628	0	1	1
0.595877058	1.829115033	0	1	1
0.595888627	1.82907939	0	1	1
0.595900195	1.829154372	0	1	1
0.595911789	1.829100251	0	1	1
0.595923339	1.829071522	0	1	1
0.595934916	1.829103947	0	1	1
0.595946513	1.829107165	0	1	1
0.595958066	1.8293643	0	1	1
0.595969646	1.829141855	0	1	1
0.59598121	1.829121113	0	1	1
0.595992788	1.829133153	0	1	1
0.59600435	1.829096079	0	1	1
0.596015937	1.829172492	0	1	1
0.596027521	1.829086304	0	1	1
0.596039095	1.829148412	0	1	1
0.596050666	1.829124808	0	1	1
0.596062254	1.829117417	0	1	1
0.596073806	1.829102993	0	1	1
0.596085386	1.829326749	0	1	1
0.596096963	1.82922256	0	1	1
0.596108528	1.829221606	0	1	1
0.596120108	1.829092383	0	1	1
0.596131689	1.829113245	0	1	1
pulse				
0.596143246	1.829291105	0	1	1
0.596154823	1.829174757	0	1	1
0.596166398	1.829128027	0	1	1
0.596177978	1.829224348	0	1	1
0.596189551	1.829144239	0	1	1
0.596201121	1.82907939	0	1	1
0.596212685	1.829067349	0	1	1
0.596224268	1.829247117	0	1	1
0.596235843	1.829175711	0	1	1
0.596247403	1.829196572	0	1	1
0.596258991	1.829097033	0	1	1
0.596270558	1.829036355	0	1	1
0.596282151	1.829232693	0	1	1
0.596293734	1.829051614	0	1	1
0.596305303	1.829045534	0	1	1
0.59631686	1.829182625	0	1	1
0.596328435	1.829132199	0	1	1
0.596340007	1.829267025	0	1	1
0.596351573	1.829707503	0	1	1
0.596363152	1.829193831	0	1	1
0.596374733	1.829131723	0	1	1
0.596386314	1.829096079	0	1	1
0.596397876	1.829053879	0	1	1
0.596409466	1.82909739	0	1	1
0.596421017	1.828943253	0	1	1
0.596432592	1.829178453	0	1	1
0.596444188	1.829056263	0	1	1
0.596455747	1.829056263	0	1	1
0.596467319	1.829226255	0	1	1
0.596478906	1.829159975	0	1	1
0.596490463	1.829277158	0	1	1
0.596502042	1.829111338	0	1	1
0.596513622	1.829059959	0	1	1
0.596525192	1.82902801	0	1	1
0.596536769	1.8290025	0	1	1
0.596548343	1.829024673	0	1	1
0.596559933	1.829077959	0	1	1
0.596571483	1.829076648	0	1	1
0.596583087	1.829185486	0	1	1
0.596594637	1.829105377	0	1	1
0.596606203	1.829112291	0	1	1
0.596617788	1.829228997	0	1	1
0.59662936	1.829188228	0	1	1
0.596640931	1.82919848	0	1	1
0.596652508	1.829118252	0	1	1
0.59666409	1.829154015	0	1	1
0.596675645	1.829128504	0	1	1
0.596687229	1.829125285	0	1	1
0.596698803	1.829008937	0	1	1
0.596710385	1.829115033	0	1	1
0.596721953	1.829223871	0	1	1
0.596733532	1.829072952	0	1	1
0.596745089	1.829249382	0	1	1
0.596756669	1.829172969	0	1	1
0.596768242	1.829108596	0	1	1
0.596779838	1.829132199	0	1	1
0.596791394	1.829178095	0	1	1
0.596802968	1.829093337	0	1	1
0.596814544	1.82909286	0	1	1
0.596826124	1.829241514	0	1	1
0.596837684	1.829580069	0	1	1
0.596849257	1.82911408	0	1	1
0.596860853	1.829067826	0	1	1
0.596872434	1.829106212	0	1	1
0.596883985	1.82918179	0	1	1
0.59689556	1.829036355	0	1	1
0.596907143	1.829152107	0	1	1
0.596918711	1.829083562	0	1	1
0.596930291	1.82911408	0	1	1
0.59694185	1.829087257	0	1	1
0.59695345	1.829291582	0	1	1
0.596964995	1.829124332	0	1	1
0.596976589	1.829226255	0	1	1
0.596988146	1.830407381	0	1	1
0.59699972	1.829180837	0	1	1
0.597011304	1.829119206	0	1	1
0.597022885	1.829076648	0	1	1
0.597034446	1.82904923	0	1	1
0.597046013	1.829172969	0	1	1
0.597057602	1.828945994	0	1	1
0.597069175	1.829113245	0	1	1
0.597080741	1.830964685	0	1	1
0.597092312	1.830057263	0	1	1
0.597103904	1.830368519	0	1	1
0.597115473	1.830104947	0	1	1
0.597127028	1.830180407	0	1	1
0.597138607	1.829976678	0	1	1
0.597150182	1.830212832	0	1	1
0.597161756	1.830306411	0	1	1
0.597173326	1.830193877	0	1	1
0.5971849	1.830177665	0	1	1
0.597196495	1.830129981	0	1	1
0.597208057	1.83056128	0	1	1
0.597219631	1.830015063	0	1	1
0.597231213	1.830129981	0	1	1
0.597242813	1.830034494	0	1	1
0.597254352	1.830128551	0	1	1
0.597265936	1.830299497	0	1	1
0.5972775	1.83016932	0	1	1
0.597289077	1.829977036	0	1	1
0.597300655	1.83128953	0	1	1
0.597312213	1.830171585	0	1	1
0.597323818	1.830475569	0	1	1
0.597335374	1.830291629	0	1	1
0.59734694	1.830192447	0	1	1
0.597358537	1.830249429	0	1	1
0.597370103	1.830456972	0	1	1
0.597381666	1.851456523	0	1	1
0.597393242	3.590088368	0	1	1
0.597404823	8.7979002	0	1	1
0.597416385	14.48718929	0	1	1
0.597427961	18.9040184	0	1	1
0.597439553	21.45233345	0	1	1
0.59745112	22.22472191	0	1	1
0.597462685	22.06136703	0	1	1
0.597474252	21.49536514	0	1	1
0.59748585	20.57458687	0	1	1
0.597497428	19.79627609	0	1	1
0.597508973	21.79737091	0	1	1
0.597520556	23.47896385	0	1	1
0.597532144	22.76940918	0	1	1
0.597543689	21.83273888	0	1	1
0.597555269	20.94574356	0	1	1
0.59756686	20.10466194	0	1	1
0.597578456	19.28155327	0	1	1
0.597589996	18.53203392	0	1	1
0.597601575	17.81090927	0	1	1
0.597613154	17.04523659	0	1	1
0.597624716	16.30370522	0	1	1
0.597636301	15.59099293	0	1	1
0.597647884	14.84530354	0	1	1
0.597659453	14.14642143	0	1	1
0.597671014	13.46831989	0	1	1
0.597682587	12.79723072	0	1	1
0.597694169	12.11182213	0	1	1
0.597705761	11.46574211	0	1	1
0.597717324	10.88372231	0	1	1
0.597728889	10.25753784	0	1	1
0.597740464	9.63105011	0	1	1
0.597752036	9.084584236	0	1	1
0.597763612	8.578204155	0	1	1
0.597775172	8.04544735	0	1	1
0.59778675	7.527574062	0	1	1
0.597798323	7.055397511	0	1	1
0.597809897	6.625157356	0	1	1
0.59782151	6.193371773	0	1	1
0.597833065	5.766606331	0	1	1
0.597844646	5.354841232	0	1	1
0.597856201	5.005600452	0	1	1
0.597867796	4.628587246	0	1	1
0.597879356	4.279262066	0	1	1
0.597890916	3.954519749	0	1	1
0.59790249	3.664706469	0	1	1
0.597914063	3.405666113	0	1	1
0.597925678	3.141577482	0	1	1
0.597937232	2.860738516	0	1	1
0.597948794	2.654081106	0	1	1
0.597960387	2.457620382	0	1	1
0.597971944	2.255049229	0	1	1
0.597983519	2.089637518	0	1	1
0.597995094	2.032776594	0	1	1
0.598006684	1.974117756	0	1	1
0.598018248	1.948383093	0	1	1
0.598029806	1.935387373	0	1	1
0.598041384	1.921780467	0	1	1
0.598052969	1.910655618	0	1	1
0.598064547	1.903182149	0	1	1
0.59807611	1.897934914	0	1	1
0.598087697	1.890232444	0	1	1
0.598099261	1.934997678	0	1	1
0.598110819	1.867549539	0	1	1
0.598122395	1.864648342	0	1	1
0.598133967	1.86404109	0	1	1
0.598145548	1.862726927	0	1	1
0.598157127	1.861225128	0	1	1
0.598168708	1.859491229	0	1	1
0.598180295	1.858344436	0	1	1
0.59819185	1.85646379	0	1	1
0.598203411	1.85498631	0	1	1
0.598215019	1.853965879	0	1	1
0.598226581	1.852950335	0	1	1
0.598238149	1.851631641	0	1	1
0.598249707	1.850386858	0	1	1
0.598261296	1.849231005	0	1	1
0.598272866	1.847645521	0	1	1
0.598284459	1.846961975	0	1	1
0.598296008	1.845422745	0	1	1
0.598307598	1.845279336	0	1	1
0.598319152	1.844610333	0	1	1
0.598330724	1.844403863	0	1	1
0.598342332	1.843742728	0	1	1
0.598353893	1.843404174	0	1	1
0.598365458	1.842609525	0	1	1
0.59837706	1.841880798	0	1	1
0.598388613	1.841385484	0	1	1
0.598400188	1.840854049	0	1	1
0.598411765	1.840386987	0	1	1
0.598423322	1.839996576	0	1	1
0.5984349	1.83984673	0	1	1
0.598446479	1.839423418	0	1	1
0.598458044	1.839268088	0	1	1
0.598469616	1.83910811	0	1	1
0.598481198	1.838962078	0	1	1
0.598492788	1.838892937	0	1	1
0.598504337	1.838633776	0	1	1
0.598515926	1.838468194	0	1	1
0.598527494	1.837970257	0	1	1
0.59853907	1.838105202	0	1	1
0.598550639	1.838053227	0	1	1
0.598562223	1.837612867	0	1	1
0.598573785	1.837242365	0	1	1
0.598585365	1.837289691	0	1	1
0.598596947	1.837295294	0	1	1
0.5986085	1.836967945	0	1	1
0.598620088	1.836471558	0	1	1
0.598631661	1.836423755	0	1	1
0.598643242	1.837009668	0	1	1
0.598654825	1.836173892	0	1	1
0.598666391	1.836338878	0	1	1
0.598677958	1.83595562	0	1	1
0.59868956	1.835727096	0	1	1
0.598701114	1.835733056	0	1	1
0.598712675	1.83556211	0	1	1
0.59872426	1.835479975	0	1	1
0.598735819	1.835385919	0	1	1
0.598747397	1.835798025	0	1	1
0.598758984	1.835214496	0	1	1
0.598770561	1.835043907	0	1	1
0.598782152	1.835204721	0	1	1
0.598793707	1.834915042	0	1	1
0.598805264	1.835048914	0	1	1
0.598816837	1.835109234	0	1	1
0.598828416	1.834743977	0	1	1
0.598840014	1.834852934	0	1	1
0.598851556	1.83483398	0	1	1
0.598863133	1.834634662	0	1	1
0.598874721	1.834539175	0	1	1
0.598886291	1.83458972	0	1	1
0.598897853	1.834713459	0	1	1
0.598909428	1.834593892	0	1	1
0.598921017	1.835222721	0	1	1
0.598932584	1.834742665	0	1	1
0.598944158	1.834619761	0	1	1
0.598955733	1.834514141	0	1	1
0.598967307	1.834914565	0	1	1
0.598978889	1.835190773	0	1	1
0.598990449	1.834379315	0	1	1
0.599002036	1.834459424	0	1	1
0.599013611	1.834839463	0	1	1
0.599025206	1.836507201	0	1	1
